              precision    recall  f1-score   support

           0     0.9818    1.0000    0.9908       108
           1     0.9903    0.9996    0.9950      8000
           2     0.9957    0.6006    0.7492      3057
           3     0.5000    0.7778    0.6087         9
           4     0.9801    0.9248    0.9516       266
           5     0.0000    0.0000    0.0000         2
           7     0.0000    0.0000    0.0000         6
           8     1.0000    1.0000    1.0000      8000
           9     0.0000    0.0000    0.0000         3
          10     1.0000    0.9994    0.9997      8000
          11     0.0000    0.0000    0.0000         1
          12     0.8720    0.9988    0.9311      8000

    accuracy                         0.9641     35452
   macro avg     0.6100    0.6084    0.6022     35452
weighted avg     0.9679    0.9641    0.9608     35452
