              precision    recall  f1-score   support

           0     0.9908    1.0000    0.9954       108
           1     0.9996    0.9999    0.9998      8000
           2     0.9997    0.9993    0.9995      3057
           3     1.0000    0.7778    0.8750         9
           4     1.0000    1.0000    1.0000       266
           5     0.5000    1.0000    0.6667         2
           7     1.0000    0.8333    0.9091         6
           8     1.0000    1.0000    1.0000      8000
           9     0.6667    0.6667    0.6667         3
          10     1.0000    1.0000    1.0000      8000
          11     0.0000    0.0000    0.0000         1
          12     1.0000    1.0000    1.0000      8000

    accuracy                         0.9998     35452
   macro avg     0.8464    0.8564    0.8427     35452
weighted avg     0.9998    0.9998    0.9998     35452
